90676
60071
45109
53014
90359
12238
7031
54927
91047
72976
35590
7000
30888
77608
88589
27018
55144
4312
29448
33535
90618
55749
71411
64282
33136
54916
3912
99663
27892
60079
16467
41742
90468
3824
85082
3331
31500
43107
555
87083
15837
64832
80388
3529
22775
91829
74823
33030
76249
95995
64286
51235
79346
55143
77152
34937
88659
80826
19888
35452
8336
7368
27044
30978
56518
93847
16531
27074
92525
85268
95518
12047
41224
42364
17707
25796
75360
67892
41517
41306
80092
70882
23423
31897
95793
65232
62395
35335
26671
50155
14671
50673
23228
27645
78757
8479
37797
49420
47010
28928
75308
47759
40505
90981
486
52248
10020
36992
37445
51365
59576
20777
39319
78581
55359
37453
83945
95147
35185
91286
31461
81195
412
42379
70607
44854
88818
13589
63607
9238
87999
25950
20892
12599
65998
32343
30387
32442
31420
43554
55222
25413
97890
75306
90578
93893
11364
44647
72285
41313
24534
42649
14244
55724
97466
94112
47357
98125
20383
55631
63429
96431
73385
28216
63366
33636
99885
26729
12592
23026
7076
51512
63737
91631
36074
6057
83305
25105
51801
76713
33500
44181
41303
22303
84704
45359
11716
65168
15132
71886
84985
32262
12068
75788
80124
58790
52028
69683
11949
56952
94008
84634
32064
49268
34247
73021
78912
22613
19659
91418
10816
22261
46333
43670
22141
19258
55137
51091
43512
18016
21930
34727
11607
40705
38041
74814
39454
87948
11516
77283
54029
13632
13165
94849
82705
48865
12126
92035
88056
11693
66447
89102
45518
23713
61080
62733
85928
68397
53656
60876
3663
946
26181
555
35031
59290
73037
91359
11237
59432
33576
90963
11107
42376
37399
97184
9105
51484
60965
73276
7141
63102
63035
31828
51568
32827
89209
87893
79625
75307
88886
71056
34302
50639
73630
53092
87451
19232
59827
23424
75828
20767
80807
28633
78116
75484
78005
3152
86314
63895
53637
34454
7442
80380
53744
40560
37911
94352
42374
2214
70081
85143
11743
35929
70546
62519
56671
60467
68745
84307
9742
89873
91656
37550
97448
86374
82294
34411
53711
76084
54822
86067
1589
15739
21679
54441
63624
53921
96894
33079
15191
93098
76857
57623
53343
90685
9033
44887
58087
15607
18823
17547
34406
2016
54162
63764
42798
69892
82932
67370
58266
3509
40650
66290
47392
84014
83563
96003
14260
16115
98895
2759
63573
35676
69125
16644
13025
34043
84207
6772
77350
37416
76324
38114
57271
37284
51670
99572
61577
57914
11653
93731
70989
29533
74812
11691
52457
10577
10240
69328
7131
13030
30637
41982
16711
16073
53974
98729
32891
37528
50749
8764
85684
76169
90019
20859
27185
2546
9028
10117
32353
83990
34436
56345
4471
5173
31770
34049
60863
57444
64186
2457
23812
14888
99641
64330
6788
34352
21412
41207
83310
52940
66691
24058
7175
2898
8056
94820
39514
53962
84506
49921
1558
132
36984
23141
78594
74292
37520
11548
84303
19934
37876
75446
73341
48301
84952
70806
76528
25699
14081
92833
81134
67821
26807
79413
17308
10387
49180
1583
97117
36950
94535
6910
72938
14275
908
23689
77904
76509
85735
32496
96831
9874
56904
63385
15074
91245
50716
58873
17945
37250
18301
13824
39891
91673
68786
33737
73325
57571
5842
68216
25121
35947
14431
47363
25399
30975
2518
59076
47403
61273
92901
28
39963
81584
96001
71269
10926
63421
64348
26063
59671
90306
83637
59876
18658
80721
67018
81265
45488
67171
50364
20342
70676
17529
7384
60894
95443
9551
37996
84098
88736
91640
11480
56672
44348
18283
73860
58307
95671
97517
22820
9913
93222
79779
8554
34815
52309
54554
28715
44677
63957
21253
13597
80231
10918
72569
29351
22444
74209
35116
75826
1385
25434
80250
37326
68031
78836
26974
15537
384
6870
8721
85593
47971
44360
40460
27119
90897
8985
72569
8594
40898
80835
93319
20151
67493
78052
31248
45763
71779
88931
51426
84098
60564
21701
21445
84478
12982
42463
40523
55978
25344
39027
28340
37817
55246
35659
65626
35881
70458
45459
38454
13468
1649
26531
34937
20549
32115
60109
69832
89978
47597
81210
43758
11452
55444
24622
25038
26280
22925
55981
14147
48444
68461
16600
83250
1881
52505
55511
64904
31844
12435
95367
75305
26329
50487
37967
82459
34042
86763
905
52373
52872
72630
50544
8391
44134
95268
16897
82372
30633
10630
39356
12965
14486
31321
90010
45007
85048
43281
33065
68044
76603
95204
37998
77552
52229
5915
17438
60965
17487
42163
90996
39516
22029
3618
61275
75814
17927
8219
39126
6612
35617
73139
34281
21223
73079
82411
60828
95007
60476
92960
97410
90760
53707
32861
75769
57667
34641
72991
56161
38228
77840
55931
64895
88470
19634
99839
90936
10878
70046
14206
27089
76839
4165
26462
32436
3474
60933
16785
4483
69818
45086
22430
499
24526
44753
245
85808
89168
27848
3617
41182
44935
52057
907
28772
79686
8253
45810
1599
73239
91475
49960
24971
46280
65880
20581
86604
27254
434
72305
96734
17865
68518
86343
93142
55419
55442
40378
43727
19398
14040
1777
83029
66439
73023
82154
24791
3268
97690
52750
95220
15132
15196
31243
78342
95125
97459
54218
58646
24181
13640
58563
88743
55543
6882
23327
76417
65714
7764
73353
24253
67875
2093
82200
59209
89708
66931
58531
73257
83726
95789
83346
29564
47684
77084
81611
2679
37285
8010
98016
57960
1234
81732
19555
5768
55476
13033
27495
59566
49705
5747
59076
95503
24346
28506
27355
13048
32996
72034
88634
28204
38937
80961
74920
28391
30294
29009
41068
78458
25271
20658
39142
57714
9748
15403
23029
86143
82538
76441
3742
76684
39445
98965
23561
77989
36723
87842
5227
19188
49739
68572
69682
65250
19376
69821
19032
20272
6821
91163
75473
26477
71964
49036
34305
29057
66604
1372
85765
8953
5486
41211
30510
56554
68302
11959
88759
39972
57410
96931
91668
42452
23791
21890
28729
56698
50975
73891
38347
39926
96370
2767
79331
91374
978
77264
4729
90408
64670
94503
11394
35360
2086
96274
13711
8537
38072
13138
96948
7426
81062
79060
62862
9890
99495
33031
2696
50084
20317
77606
78082
92713
63024
45849
12583
2729
61880
39135
55586
91037
7240
98350
75302
62906
85547
56317
40375
27517
8189
20201
18635
37846
76942
30931
58863
17320
39904
69450
91879
67946
74578
54645
70100
87063
16431
18680
555